5288543
4102474
3638334
2452528
1729072
1006899
812610
3839866
7851961
10744543
12056804
10543555
7914645
4037722
1149234
1872185
743960
1595679
1993006
2720581
3383389
3848051
3786110
3656323
5356133
3840844
3047226
1794600
1333546
1531703
3179102
7719597
12517367
13172732
13238258
12976101
12058585
9103280
4044654
1476674
1135657
1986866
2252348
2913359
3509607
3973754
3846019
3781768
5031021
3449168
2720320
1663533
1397546
2318398
5872252
12122847
12845032
13434860
14221300
14090228
12910573
10616794
5886884
2527088
2248532
3556959
3559269
3890802
4420226
4883602
4886171
4821920
5162605
3843413
3639373
2516796
2053174
2972999
6921866
14024694
13893616
14090224
14942203
14548990
12845046
11074545
6739658
2787215
3821955
5130125
5065359
5330073
5792164
6057646
6190774
6126008
6473326
5351773
5082457
3828041
2969923
3496018
7182481
13828087
14417915
13499626
13892078
14221311
14024703
12910591
8115703
3175854
5199024
6506935
6507449
6770621
7100099
7429834
7693263
7824851
8898929
7843686
7377254
5466199
4280407
4347238
6654361
12051436
12974070
13631485
14745599
14614527
13430783
11393791
7384823
4419534
6117584
7294932
7492054
7820249
8148955
8608478
8871137
9133537
12306289
11581040
10984572
8614257
6641528
5461124
5467805
8498644
10935542
13106175
14483455
13099775
10729210
7966182
5796577
5925352
6971621
7757542
8151272
8676074
9200362
9724394
10117865
10445547
14795878
14728306
14330251
11763596
9265558
6836380
4673182
5731520
5604287
6854094
7179461
7110596
7962330
7368676
6514158
7434239
7694580
8350451
9006582
9596408
10251767
10841077
11364850
11626993
16170575
16036703
15966852
14847394
12151988
9064890
7034057
6448602
5532627
5730770
6386128
6975443
7432926
7629292
7695359
8089343
8877823
9007611
9531898
10450429
11302141
11825401
12414452
12807668
16761409
16758866
16754300
16486562
14184639
11293389
8933342
7887600
7103985
7039985
7565038
7892461
8088560
8088311
8088831
8351487
8809983
9267962
10054907
11170815
12219903
12874751
13595133
14119678
16765241
16761931
16756597
16751265
16284102
13720280
11226603
9785341
9067263
8610559
8808447
8808959
8612604
8284925
7761663
8088575
9266431
10051837
10839295
11955199
13070079
13790975
14642943
15167999
16572471
16764998
16758890
16753045
16745407
15230423
12866541
11226878
10311935
9723391
9593087
9265919
8872703
8151799
7431410
7692274
9460472
10179319
10769398
11557112
12540921
13328121
14443516
15166463
15919928
16177988
16760928
16754821
16747434
15823304
13590495
11950067
11165439
10444543
10051071
9591551
9000697
8213742
7230434
7294172
8734178
9256414
9452249
10173915
10896090
11946205
13325799
14442738
15528506
15852356
16763482
16757112
16750492
15892408
13790928
12149990
11430399
10577151
9984767
9392638
8800237
8012254
7093454
6960838
7154110
7414457
7545268
8070323
8792244
9843385
11354822
12538066
15397437
15984969
16766814
16761205
16755346
15700906
13402304
11629526
10645999
9725690
9130998
8602089
8204761
7612104
6954423
6428843
5904031
5838490
6034839
6363028
6756240
7413135
8464791
9451427
15658562
16378958
16769632
16765555
16759941
15573914
13732784
12089289
10709473
9657581
8799970
8139473
7872188
7279023
6162852
5244569
5378714
5247890
5313422
5378952
5443454
5574264
6100345
6889346
16640843
16770895
16770398
16768105
16305269
15906701
15176361
13462717
11490006
10832872
8992462
7674798
8065178
7474583
5574045
4788129
4722588
4920218
5512604
4919690
4788096
5642373
5181561
5444218
16769869
16770130
16770652
16703588
15979626
15777407
15635356
14117298
12143566
10829274
8595386
7410587
7998601
7474828
5247902
4200356
4726440
3739283
3673740
3936647
4527752
4790663
4329854
4526461
16768074
16768849
16770142
16769894
16308329
16106364
15833236
14249385
11618495
9580480
7346596
6557072
7408004
6884745
5118624
4400301
5125559
4533673
5257133
6572476
6769336
5781669
4662677
4069771
16568646
16766542
16768860
16769639
16571752
16435832
16162700
14579104
10961319
8397735
6492819
6295180
6817405
6098052
5121960
5128126
5327548
7565529
10591487
12828159
12037631
9339106
6246072
2758531
16368447
16632648
16767065
16769124
16769125
16765556
16624517
15041175
10501777
7675024
6099593
6296972
6228091
5508738
5520566
6580184
9609977
11716863
12834303
13228799
12438015
11449855
9474280
4078232
16102713
16366913
16764500
16768351
16769889
16767342
16758654
15765649
10963850
7544451
5968769
6232461
5769850
5248646
6379723
8427257
10469886
12708095
12970239
13627391
13691903
13492735
10662129
2700154
15771444
16233021
16762450
16766813
16769627
16768871
16761463
16359049
12280462
7808378
5509239
5773448
5377402
5251727
7304929
10338815
11525630
13040125
12315376
13300474
13299452
13560575
12440052
5201545
15638577
15969338
16629837
16766040
16769879
16770149
16762995
16754310
13399447
8137592
5180783
5444994
5246586
5450903
8030449
11394047
11790586
13434873
12908780
13959163
13300719
13101295
13757182
8426671
