9967138
9898774
8716288
11209744
11939107
13392715
16756379
14521735
12021616
8011587
7952216
10785676
15985369
12560016
7088921
7151632
9457986
5903881
4980736
7668736
10623251
11671568
11405824
11075584
9373200
9831181
12326945
12392989
10490634
10760225
12346193
14125950
12481651
11233902
10186095
12820636
14467250
13674387
7020555
7017473
5309184
5111808
6684672
8784131
10423301
11669256
12653835
13047562
10092553
10814476
16733017
14628663
10554886
9705738
9186332
15703442
11098456
10046801
11363946
13141123
16102057
14257533
8266251
7342592
7670528
8391944
9440264
9896448
10813440
12914443
15018529
15807016
10878980
11338248
16731987
15153466
11802384
10097673
9117972
16623003
12281956
7544353
11555159
10631485
16753050
11945269
9510403
7995904
8915456
9110528
10225409
11537929
12916496
14163992
14097680
13242112
11468800
11010048
13111312
13374997
11930890
9830656
9180941
13725799
11755097
7213072
11680062
10096145
16738147
12986909
12859161
12400150
10162176
9832192
11145733
13051673
13773595
13706772
13640977
13575438
11666944
10682368
10616832
12321536
12190723
9830400
8980482
9381919
10242622
10568764
14506327
14892864
15346987
15478304
12984577
13053706
13053719
12987929
13841955
13972512
12393222
11538432
13446932
15684662
10816768
10420224
11732480
13703187
13371661
11403264
9569280
7472640
6296064
8925469
14572110
16734548
15999004
16723743
13440768
13642242
13642509
13971736
14301215
13314833
11407360
10948608
12397581
13780517
8653056
8978944
13184279
15086380
14160150
12912654
10224641
7537408
5902336
5704448
12731438
15022633
16261141
14878208
13044480
13706240
16205095
14889755
12719872
10747904
10881024
13383449
15425088
15623493
6952704
8856064
16018768
15352888
13239818
13766680
9895936
8063488
5311744
5246208
9181952
14368034
16727594
16131083
14230272
16074012
14491908
13504512
13177600
14232339
15485491
16738384
15753288
12991011
7948551
8074752
13854018
13778735
11862016
11862017
9502720
9247237
6692608
6101760
8855552
13977893
13046784
13373440
14103309
15617831
13310976
15151896
16734527
16736582
14107948
12005143
10625292
9310464
12298339
9003300
10242337
11219228
12262424
12129043
9109504
8589568
5440512
5902592
9054720
15561799
13976350
13778458
14178095
12336404
11149056
10885632
10822400
10233091
8722944
7737856
7475968
7279360
12237685
9468991
7023876
7409408
10625559
10359818
7667712
8326656
8791808
8397824
8527104
12209693
16155993
16091490
16753789
13136968
10502417
9253120
8663554
9258522
9129254
7354904
4855552
3145728
11318644
12432507
8081446
5377280
7148032
6619136
7341056
11550493
14246458
13390630
10168064
8526080
16759435
16762522
16769207
14859664
10121529
8543776
6309387
4338432
2432768
854272
656640
1314304
15398072
15986875
8940355
4396288
4722432
4784640
8069632
12340263
16280648
16541760
13715997
9118208
16762259
16770743
15591614
13751461
10263387
8619072
5266201
2242048
335872
4608
4096
532229
16514508
13749662
5915677
2887424
2427136
3936256
9718820
11945504
16736320
16535084
14237465
10037760
10843974
15593405
14087111
13759171
12176524
10135908
5467178
1915905
601856
8704
3072
2560
12763279
9602905
4533251
4334080
2296320
4595968
13799007
15828311
14499863
13311744
12395776
11287315
6829061
16644554
14285268
13564366
12047767
10862715
6521666
1983497
75776
7168
4352
5120
6775085
6048535
8081437
6039552
2818048
6038016
11690030
15564871
15097380
14173970
9702400
9510656
5965312
14133639
16514793
13627087
13692854
12179604
8692837
995328
205568
599809
4352
3328
10390869
10913103
11103285
8534538
4720128
5573120
10963736
15696196
15626545
14046234
12140053
8260864
8396800
7419155
14539718
15007717
14417093
12575390
10534787
4218408
1125632
532992
5120
3584
13411440
13539683
10242838
9845519
10703415
10241581
11816739
12997405
16745547
15362100
13193516
10236175
7411712
4921856
11581852
13365454
14417604
14679998
12179612
5534268
1586180
795904
4352
4352
10774321
14586462
10763789
9775105
10764590
8461581
8524800
8718848
10427136
16745558
16022875
10961697
7282176
5253120
6387279
13762259
13036719
15204294
10995338
4613166
1454594
1388296
3840
4608
11030812
16685672
12863257
9507072
9444113
7866112
9048064
9638144
8978688
10887680
16751741
14910047
9191953
9663036
11257750
12185274
11787164
11258760
7245137
5402682
1651973
1519625
136960
4096
9447168
15825737
14964522
11213312
9046275
7602176
8716544
9307648
9372160
8388608
12536881
15699565
12745030
15190413
12705959
12251575
11655832
6455871
4152866
8363367
2573075
1322503
861445
3584
16752486
16748635
14764573
10355712
8716288
9439761
10096907
10293248
9306112
8781824
9377281
14580059
9717523
10780738
11454603
11394978
12115870
7442768
4284452
9481848
3625763
1783054
532480
4352
16416580
15821876
16276270
13183501
9437697
8912906
9504259
11016205
11673357
14306617
9639942
8000000
13072196
6701057
9809263
10605201
12379040
11916692
5995070
8231781
4217900
2704411
4608
5632
