7634280
15857375
16448222
16777185
15590336
16576461
15787461
15327941
10526343
6579541
5198150
3684659
4407870
4867394
2036754
2365464
2760998
3222065
3485237
3222065
2827307
2695721
2761514
2761514
10068364
16777196
15461070
16446676
16773840
16776925
16775127
16777186
12301984
7763045
5395018
7302762
7696750
4077108
1970192
2957087
3682098
3946042
4143421
3880249
3551284
3419698
3288112
3156526
11974049
15855578
12235673
12036492
13022869
14140580
14667440
16247247
16117210
11183256
6841183
8419962
7432297
2168087
1771530
3417125
5063238
5064523
5064523
4735558
4472386
4340800
4011835
3617077
15262671
16777194
14734008
13812133
13021586
12494728
13745313
14075054
8220768
5326654
3024420
2497824
2168089
1377290
2231570
4798008
5984594
5854035
5722449
5459277
5261898
4998726
4538175
3946038
16776684
15260100
13153950
15323573
16771788
16047037
13283992
5126438
4996657
3747368
5655629
2826278
1969942
3416105
1836299
4731704
6444630
6445656
6314070
6050898
5787726
5524554
4932417
4340280
16774881
15194048
16245193
16774874
16774616
16375748
14731440
4666403
3944484
2563609
6576990
3484467
2299423
3745842
917504
4600118
6576471
6709081
6709081
6445909
6051151
5722186
5195842
4735291
16774367
15983562
16772819
16639433
16772044
16310468
15719877
5983035
3813672
3025190
5591896
2959923
1905952
3088686
1114122
4009010
6642264
7037533
7234912
6971740
6445396
6116431
5721673
5392708
16775904
16774361
16774874
15785407
16774613
16773075
15787212
5656381
2762526
3816507
5133143
2829879
2104875
3090741
1904923
2102296
6642775
7234908
7629666
7300701
6708564
6313806
6050634
5853255
16577494
16777184
15984326
16775382
15589568
16774874
14801859
8158573
4212543
1318431
4148306
2964035
1777965
3092797
986133
1511701
6182737
7695459
7432287
7234908
6971736
6840150
6905943
5326911
15722951
15328193
16380365
16314059
16776411
16052177
16777194
6910048
6056290
1715244
4873829
3820632
135197
1317929
1119007
789007
6116944
8156265
8222058
7827300
7169370
6577233
6379854
4866615
16249295
15657156
15788228
16776151
16512467
16776670
12435882
4213563
4478801
3097671
10269886
10664133
2702153
924200
1712172
789778
5393221
8418924
9011061
8484717
7497822
6445134
6181962
4866102
16577743
15853507
15787714
16775123
16446674
15065540
4606260
2897964
5597286
2835528
7836317
9480887
3491927
1648182
2370617
197387
4208693
8089959
9076854
8550510
7563615
6379341
6181962
5260860
15325623
14799277
16773838
16576203
16775641
8420190
3289889
4542278
5004894
3229776
5729918
7769503
3623002
858667
2041141
986646
3287591
7826018
8944499
8352362
7562846
6444365
6181193
5457470
14271906
16245696
16574661
16776668
12233612
3418641
5131579
6581091
3227715
4742247
7505816
10334919
5991039
725798
1645613
1709858
2760735
7628639
8681327
8089190
7694432
6641744
5918021
5062712
14335387
16771527
16046005
14270879
5652772
4141081
5525056
8158584
6252655
5201774
4938864
8491432
6252930
1514546
2565434
1116438
1970706
7036504
8286571
8089192
8352364
7299676
6181195
4931128
13940120
14598050
16769477
5717284
3481352
6574915
5787204
9604747
7763835
6185581
5133669
8620700
5527917
1052965
3486277
2038053
984324
6378574
7957606
8154985
8944501
8089192
6641746
5194300
13412755
15321524
11769991
4139034
4008737
6838610
7102043
9997452
9734280
5787215
4471101
6248543
7696249
4276044
591894
2433838
1116423
3879208
7629409
8484718
8418925
8155753
6181963
5326654
11966341
16770776
13612973
4337449
3417637
5655114
5655116
9339008
9930115
5456191
4403503
5785672
6576477
5196369
2763318
2960436
1248009
3747622
7497823
8418925
8221546
7892581
5984584
5129275
3414286
10060664
14799049
9339007
2892580
4077628
6774369
7366247
9207421
6508879
6377293
5259328
3023655
2630442
2302254
2170920
1313802
3418918
7169119
8287600
7892842
7366498
5392708
4471606
3943203
2167309
7366245
11446442
7104880
3289399
4209988
5459281
7036769
6246736
6246223
4206640
2365725
3090479
3025718
2762544
1313548
2892320
6774107
8089967
7432037
6576728
4602938
3484457
3682096
3551795
2434089
3553600
5264479
3619655
2369328
3881536
6314590
6181460
5194048
3417638
4405049
5458257
3485497
2761774
1313550
2234391
5984592
7432038
6510936
5524041
3616044
2563356
4935251
5988454
4739418
4608606
5003625
4082266
3883856
3685447
4276036
5590095
5851979
4272947
4207670
3616307
2038051
3485751
1576724
1707795
4997445
6313305
5063238
4207929
2826276
1970967
13162209
13689069
13492463
12966635
11848158
13558004
13360107
6712955
2894900
3551284
5391944
5259842
3747119
2563106
2564136
5196115
2234400
1313552
3813686
4800581
3353135
2826791
2168861
1839896
10729156
11124685
9940672
11191255
11454942
10599120
12439777
12635354
7566975
4077887
4405562
5786186
5062979
4076345
2893101
3025200
2564135
1181712
3155502
3747639
2234400
1971228
1971228
1971228
