8683611
9604200
10787959
12038026
11643009
14208934
13813404
13944992
13287834
14473137
13289380
12698274
11778202
9410685
6450259
528384
855297
722944
723715
921094
789765
1118730
1250318
789767
8551512
10854522
10853752
10590321
9669217
10655342
9273687
10523754
10590319
10722166
10854782
8618849
9935483
8488298
8949880
3685673
1315333
1249030
1380873
1380873
921092
1118473
1184266
658179
8024653
11576962
10589297
10391659
10589036
11115123
9404503
11378293
10062692
9273691
10787447
7169863
8815205
7039823
8685420
2763028
1709064
1774089
1971981
1774604
1249030
1446666
1644045
1249289
9208415
11510399
8681043
8154697
8746321
9799263
9272149
10851181
9930849
9272665
10391919
8155473
8353883
8617826
8947563
3485722
2233866
2364941
2496784
2037003
1642758
2169615
2630681
2433302
9404513
10654580
7299137
6706741
5784869
6705970
7429436
8087366
7166521
6838327
6114863
6575673
5063206
8945251
7498577
4339491
3548182
3613466
3482393
2824720
2430732
3220761
3747621
3419169
8549466
11378565
9667946
10391156
8746585
8417107
8746072
8351314
7890763
8482900
7167299
9141603
6707778
11050629
7431760
5983803
5389358
5453869
4994088
4205085
3745304
4404006
4667692
3878689
9340276
12958121
10129277
11773589
12892068
13286826
13615791
13878447
12759966
13220517
12234138
12299931
10063484
11313551
6642248
6246207
6703678
6834237
6505786
5848369
5520687
6048059
5719864
4338981
11644322
12301482
3024669
722176
2037516
2037516
1642758
2300686
3221275
3747619
4800307
4537135
6247753
7892832
6576972
8680036
6966591
7425345
7360066
7031614
7032641
7363148
6640708
4930347
9276554
14934752
1118222
65536
657669
65536
393728
196608
459264
262144
393216
1314053
852992
8813940
7432287
8482918
8150095
8279626
8214346
8084043
8019277
8283221
7560781
6113849
8883086
14080733
527375
260
461582
4
921361
394760
0
394499
196608
262144
4472119
10985113
7563875
7363926
6504757
6964020
7424830
7688515
7624519
8020047
7494988
6245435
9803933
13883099
461329
7
521
7
776
5
131847
2
1249038
393216
5524040
9997705
8878708
7166288
9070684
9003603
8674897
8018250
7690312
8283219
8481883
7758674
10461863
13422548
527122
7
521
7
5
4
592139
65536
985607
458752
6312781
8219748
8811626
7560015
7360066
7688256
8083273
8150093
8217169
8546391
7889746
6508607
10592162
12434366
394760
197381
526092
262920
789005
328452
262144
655360
1246720
851968
11245452
9468267
8020049
9137758
8478801
7820871
7294784
7163968
7625291
8744542
8745571
7824982
11315108
11775659
262144
196608
196608
262144
262144
393216
1378822
720896
8153696
10455420
12428178
9861733
12755597
10123877
9926245
9663332
9664102
9993580
10257781
10850431
10259323
9009256
12563116
11839907
524288
524288
524288
524288
918272
983552
1969413
8679525
12823710
12361615
15387317
10386018
9463886
11372654
11439484
10453620
9203810
7691084
6507839
6640195
6706501
6048828
12628906
11642011
720896
1312000
2035207
3482139
4600620
5126705
7757396
9203812
12427408
12557963
11636344
9793622
9464656
4925197
2886400
3019011
3479819
3480332
3678994
5258542
6969673
7496274
12827055
9340026
3286043
5390390
3086352
12032658
13215903
13610403
13017750
9530208
11438203
13214868
12096898
11834240
13216148
7952966
7492417
7228991
7163968
7164227
6836545
6969158
7298636
7035977
12038050
8813680
2430732
12167067
11901583
13084572
13083543
12950929
12029313
12950413
9398361
8346186
13281688
12229513
8348753
6967100
7689542
7426370
7361347
7230274
6836545
6969158
7167050
6707012
12630700
10261893
655360
5587765
7165512
11966859
13939620
13807005
14859693
12754315
6503980
3083264
6242348
8677459
8020301
7953995
7886921
7755078
7689542
7361860
6902338
6969158
6969671
6378047
11117713
11511958
4471079
2298881
4336922
13283741
13479578
13281686
12425862
9794142
8939603
8610895
6769461
9335646
9139550
7164992
7755335
7689542
7558726
7296067
6902338
7034951
6903878
6114875
10789517
13552051
10853766
10786946
11904398
15258299
13415067
14269861
14071966
14006173
13282966
13151893
10915444
10784374
6968893
7231553
7295552
7491906
7492163
7098688
6770752
7034951
6838085
5720117
8223586
12696996
8617315
10195318
10523255
9667172
11574140
12165763
11441526
12033663
11507833
12561037
11640448
13021847
7364421
7955789
6966587
7163198
7163968
6769723
6507580
6903365
6509120
5193773
7960668
11446925
7367501
8156758
8616024
7891527
10785904
11180146
9534808
9469015
8877393
9798241
8417105
12891544
7562570
6179892
6835001
7162941
7097405
6572344
6244408
6574400
6048569
4535843
9802870
7894872
6710082
8551514
9537893
8155210
8286281
12167809
8022080
10785386
8746575
7891527
8352336
13944743
6971201
6443577
6769721
7097405
6966589
6374965
6047029
6311228
5653811
4075292
