15132390
12829635
10263708
10395294
12369084
13027014
13224393
14408667
15000804
14342874
14211288
14935011
13684944
12895428
12698049
9408399
11447982
14079702
14013909
13619151
13882323
13553358
11842740
8421504
13882323
10921638
8750469
9737364
12303291
13882323
14671839
15198183
15658734
16185078
16053492
15592941
15329769
13619151
10658466
8947848
12763842
14277081
13816530
13948116
13750737
12040119
9868950
7105644
7566195
5658198
4737096
5789784
9013641
13553358
15592941
14474460
14737632
15790320
15395562
13092807
13750737
12303291
7960953
9211020
12566463
12566463
11513775
12237498
12434877
10526880
8882055
7303023
5460819
4539717
3289650
1776411
3487029
9868950
13553358
11711154
13948116
14935011
15461355
11908533
11447982
9803157
5000268
7566195
12303291
11382189
9145227
9539985
10263708
9474192
8882055
7895160
4013373
4144959
4737096
4079166
4013373
7631988
10329501
9211020
10790052
11974326
14869218
12369084
10066329
7895160
3552822
5263440
12500670
11711154
9013641
8421504
9145227
9145227
9013641
7763574
5658198
3750201
3289650
3421236
2763306
4079166
7697781
10526880
10724259
11513775
14211288
12369084
8750469
6184542
3618615
4408131
10132122
10395294
8684676
8355711
8816262
8750469
9276813
8684676
5855577
4802889
4144959
4144959
3421236
2631720
3947580
6316128
11447982
12237498
12632256
11053224
7763574
4737096
3618615
3947580
6645093
7237230
6645093
7039851
6645093
5658198
7303023
8947848
4079166
5789784
6118749
5592405
5789784
5460819
4473924
4079166
3881787
6250335
6710886
7434609
6645093
4144959
3750201
4079166
5263440
5395026
4802889
5197647
3487029
1118481
3618615
7237230
3421236
3881787
4539717
5131854
5263440
4868682
4144959
3552822
3026478
2960685
2960685
3092271
3289650
3552822
3684408
3750201
4276545
4868682
3618615
4868682
3289650
723723
65793
5263440
3881787
3618615
3421236
3487029
4013373
4671303
5329233
5723991
6513507
5987163
5197647
4276545
3487029
2894892
2631720
2500134
3355443
5131854
5395026
5066061
1250067
394758
394758
2236962
5066061
4934475
4934475
5000268
5263440
5395026
5395026
5395026
5592405
5197647
4408131
3355443
2500134
1907997
1710618
1776411
1907997
3158064
4605510
4671303
263172
1052688
1579032
723723
3026478
3487029
4210752
4934475
5329233
5197647
4737096
4342338
3355443
3355443
3158064
2631720
1973790
1644825
1644825
1776411
2434341
1907997
2302755
3487029
723723
1513239
1315860
328965
4473924
4276545
3947580
3750201
3684408
3618615
3552822
3487029
4539717
4671303
4539717
3815994
2829099
2039583
1842204
1907997
1973790
2565927
1776411
2500134
1644825
2631720
1842204
2171169
3487029
3355443
3421236
3684408
4210752
4737096
5197647
5395026
4934475
5066061
4802889
4013373
3092271
2697513
3092271
3618615
4408131
7631988
6250335
4737096
3355443
3552822
1776411
2565927
2829099
3158064
3684408
4210752
4605510
4605510
4342338
4079166
4802889
4737096
4408131
3881787
3750201
4802889
6710886
8289918
11119017
13948116
12500670
10724259
7631988
5000268
1315860
1776411
3684408
3881787
4342338
5000268
5526612
5789784
5789784
5723991
6579300
6316128
5723991
5131854
5592405
7631988
10724259
13027014
13750737
14408667
14013909
15527148
12961221
8618883
4276545
5131854
5329233
5723991
5855577
5526612
6776679
6710886
5789784
8026746
9868950
8355711
5723991
9934743
9079434
10724259
13487565
14869218
14540253
14935011
15132390
14737632
14474460
14211288
11974326
8816262
6842472
8092539
9408399
9868950
11250603
10921638
9539985
11250603
14145495
7434609
6513507
9605778
13948116
13355979
15921906
14869218
15198183
15263976
15263976
14671839
14342874
14540253
13816530
12105912
11184810
12434877
13816530
14013909
14737632
13816530
11579568
12369084
13619151
4737096
4868682
7697781
11447982
11776947
15066597
16185078
15658734
15461355
15461355
15132390
14540253
14737632
15000804
14737632
14540253
14935011
15461355
14935011
15263976
14408667
11776947
11711154
13750737
4802889
3092271
8355711
9934743
14803425
14935011
16382457
15790320
15395562
15592941
15658734
15066597
14671839
14737632
14737632
14803425
14671839
14935011
14474460
15263976
15263976
12698049
11776947
12369084
6908265
7039851
10987431
10921638
15000804
14342874
14935011
15987699
15263976
15329769
15658734
15263976
14737632
14540253
14342874
15066597
14935011
15395562
15066597
15856113
16119285
13421772
11776947
13684944
11316396
13750737
12763842
13224393
12763842
15329769
15592941
16053492
15198183
14935011
15132390
15066597
15132390
15132390
14869218
15527148
15592941
16185078
15527148
15856113
16316664
13948116
12369084
14803425
12369084
11645361
11119017
13487565
12369084
14540253
13684944
15395562
15000804
15000804
15000804
14935011
15329769
15461355
14935011
14737632
15000804
15724527
14935011
15329769
16382457
15132390
14145495
13421772
14079702
11316396
14606046
13816530
13882323
14408667
15527148
14408667
14803425
15329769
15329769
15000804
15263976
15132390
14277081
