6111109
5386875
4662642
4201839
3938929
3479666
3218037
2956921
2630264
1841773
1513830
1447520
985423
786755
917565
917557
1179697
2231608
4535382
786456
327690
656651
262661
0
6374535
5650301
4991606
4531317
4202358
3808633
3480955
3285888
2564475
1645165
1448296
1316449
854607
655684
786494
852020
1179697
1969206
4141137
918042
327690
65540
2
328965
6505861
5913470
5320569
4925562
4596605
4137599
3744645
3615115
2696067
1908087
1711217
1645162
1117527
918601
983107
983096
1114162
2165561
3416903
524308
590094
196612
65538
394758
6308478
5847418
5386616
5057659
4728704
4138117
3876493
3681172
3025295
2302853
2106495
2105975
1578338
1313363
1312074
1245246
1114164
3416399
3943504
393235
919061
262663
131588
0
6110325
5650291
5320821
5123452
4729476
4204171
3877011
3813020
3157659
2435217
2369675
2303874
1841260
1379674
1377101
1179712
1245241
6771074
7035263
1378338
853268
393480
591626
0
5781358
5649520
5583223
5386624
4992394
4467601
4140702
4076968
3224484
2501788
2502037
2501259
1973108
1379423
1311056
983105
1639233
9666482
9930670
2562614
589841
65541
526346
0
6043501
5846386
5912188
5847177
5453459
4928670
4667819
4538552
3620018
2897577
2897827
2897049
2302592
1708137
1508184
1179718
2230603
10192060
9337768
2167858
655636
196613
525833
0
6240369
6174837
6240896
6241935
5782940
5323941
4932020
4868545
4081598
3424438
3424689
3423654
2763404
2168949
1903203
1507410
2494293
8810922
6772355
786463
1050394
65541
526344
0
7160706
7029380
7029644
6768025
6375077
5785521
5524925
5461707
4674505
3886272
3886525
3950513
2895507
2037110
1837159
1901402
2032975
7625882
10916547
1114918
918808
196615
657419
0
8607387
8081560
7687322
7228065
6572969
6114997
5920965
5858258
5268692
4545482
4347844
4280250
3356317
2366593
2231666
2230629
1967700
5652608
10653890
917540
262160
65543
0
0
10382266
9527986
8607660
7754412
7033520
6510523
6514124
6714331
6453729
5467863
4941003
4675776
4014762
2958479
2494588
2558831
2756194
4270188
10060988
1443630
262160
919570
65536
526596
11368656
10448326
9331132
8346297
7428535
6971584
6909903
7110622
7244777
6258911
5402834
5071046
4541620
3353496
2494337
2361714
2625125
3086430
7298196
1575218
262162
722961
0
329217
11630557
10841811
9725127
8741056
7889086
7235778
7174094
7243484
7772653
6983398
5798612
5401290
5331136
3879842
2362754
2097778
1769562
2559318
3284312
852009
262163
196617
328452
256
11498722
10775767
9856462
8938694
8153028
7696838
7701201
7770590
8431091
7774191
6654431
6388439
6515923
4669616
2429065
1966707
1704028
3020384
1376572
589861
262163
65545
526344
256
11695080
10840798
9856466
9004489
8416198
8223181
8490970
8757992
9287163
8761850
7707628
7639018
8029162
5984965
3152020
2426493
2690153
3940718
2033991
524325
327700
985365
65536
329217
11630063
10906853
9790681
9069777
8613581
8683473
9148636
9678314
10272507
9944572
8890354
8887541
9213177
6840785
3482521
2559869
2625386
3547240
2626639
393250
196627
1249305
0
723975
9854683
9526747
9330655
9202145
9271006
9537501
10264797
10925285
12045561
12835071
10136822
11319295
8751597
7762908
4274592
1576299
3022189
5588356
3286103
196638
196624
393996
0
395010
9000916
9066967
9134307
9333991
9534182
10063329
10987744
11845092
13885951
13359615
13424639
11910143
11711231
9013224
4670621
2958966
3089513
4799350
2957647
196635
65550
328201
0
131840
7882946
8212941
8806368
9400298
9797863
10524646
11909098
13029873
14741503
14807551
15727103
9936359
11843071
9802473
5854626
4209023
2497112
2825811
1839419
393242
65547
196868
66048
256
6568115
7227073
8346331
9401324
10193391
11314417
12962296
14477311
15597311
15596799
9871569
2172518
6908339
9934302
5985944
524347
1181503
524332
393247
327701
65543
65536
329216
256
5582507
6438588
7886809
9336301
10522613
11907581
13949951
15531007
15859711
12110301
595259
330559
2302817
854342
47
1905990
589871
196642
196633
327696
65541
65536
395008
512
4925610
5649848
7098068
8613355
10128886
11842046
13884671
15531007
15268607
13557486
792375
264247
526396
262195
37
65568
918315
196636
262164
524816
131075
131328
131840
512
3939238
4531890
5585607
7100635
8616679
10526703
12437749
14018044
14347512
15004927
8884912
7238557
5526147
1445952
787497
984359
721187
787232
590102
393226
328706
197376
512
512
3084190
3348134
4204471
5587913
7169493
9013981
10924511
12439012
15202815
14347001
14016766
12765167
12171238
3945825
1050153
852512
196633
853023
458768
196613
262912
263168
512
66304
