397319
462596
724483
854784
655360
5455151
6307891
4923669
7488054
8474438
9067347
11241085
12166038
7761505
4673086
7371377
7238518
6250343
4868433
2959153
2957611
3351342
2428700
2230808
265734
1280
791048
855297
2103307
6245695
4137751
6043692
9002322
10777965
9792099
7820620
6705735
4735542
2699041
2897453
2369575
2368809
3025969
4406852
5786963
4141111
2034195
3020577
134155
768
659468
790280
3354663
5918790
1245184
5848116
4201235
6569270
7030850
4992811
3548446
3617324
3027756
1581594
3290931
5131852
4342079
3090729
3945009
4075568
2626582
1836553
199438
265230
68105
725004
2895143
4143922
655360
3547932
3348497
3347984
4400674
4072996
2233361
2433310
3685689
3554360
3685170
3947570
3815214
4670266
4997948
4075817
3153175
1705216
132623
1382944
261
922644
1448984
2106140
1051397
1313027
3087382
2363148
4402733
5850438
3878703
3091244
3619644
3159345
3158565
3749672
4078380
5327677
5392444
6444103
6969933
2956047
262669
1908007
5
1251609
397066
1317139
2303004
920065
3154717
2363918
3087130
3285024
2036501
3353133
4802637
3947578
3553065
1775621
3354139
10261891
11708824
9470835
10522752
9996408
655887
1643293
131334
1185303
330503
1317138
1711121
1644299
2629141
2298893
2955798
3021337
2626839
3483947
3682098
1709587
5065021
5986375
4801331
7827552
9998208
9339508
11115660
11049097
1180943
1313041
919562
1052429
461315
1579792
66048
2301969
3286554
2298119
2691596
3744029
4139561
4469298
4272947
3023906
722688
5130814
3091231
4340784
7563615
7102548
7760478
7760478
1507849
2364185
786432
1643020
1446920
1315331
393472
2892047
3876889
2954760
3216650
1638400
4861482
4336168
2889751
4799031
1643020
2169878
7235939
2432536
6708568
9866119
4142128
6444367
1376258
1639687
720896
1050112
458752
2432524
2299395
1574656
3151365
3545353
5912620
3939345
4795171
4071966
2493962
1443588
1642767
1841691
2235935
2959143
2826787
6642524
3418667
6247764
2100238
2034444
2167309
3022871
2233864
7628630
8877409
5322788
5452321
3674883
5385247
4332561
3610125
2098432
2363401
2299154
2301474
2565676
2236198
2499370
2564649
1379861
2300193
1247248
1443335
1246468
1772810
2825750
2628622
8746341
10323574
6703417
12030594
8542282
7094838
4858907
4400411
3283218
4206375
4142387
4210500
5198427
4737104
3355194
6117987
6248803
9932952
7959162
985355
1051146
525056
1314055
1050112
4996143
5586225
4334103
3937290
7423551
8805205
5780269
5848631
6706510
10524560
11908272
11777723
13620958
11317433
11317176
10592170
11776187
8814730
8485252
987926
1513498
526344
1380622
1050368
3022101
3151118
4135958
6437171
4396820
3805455
6241595
9402997
7037020
8684927
11120557
9805729
9937063
10133929
10264999
10855853
9342357
5131092
6380643
2062
331796
1802
1184533
525056
2298897
2822416
4398879
3673615
4988961
4595231
3610907
6508881
9144198
12634566
10398892
9411998
8687507
11252921
9936548
10856623
6184804
4341574
3354679
3089
200980
265744
1382682
196608
1904398
2692115
3413785
3215634
2426120
3808545
5060923
4602941
4276034
10331559
11713725
10528420
10133149
7764085
6579041
2301726
2433053
2958114
2299671
463635
2571
1029
591624
1510927
1904913
2233363
2364949
1641741
1971732
1511697
2433314
1249556
3617851
3683646
3288112
2299922
2298630
2166531
2429190
2626053
2888712
3874580
4729888
264710
461832
1315601
2629662
3155235
2825498
1904396
1116163
3156775
1644049
2697252
526085
1906457
1181966
4667971
5258559
8151382
8611412
9860965
11505277
12688781
13017487
13016974
13148045
657668
1315082
2432023
3417376
3811105
3942433
4534568
5258291
3943201
3680801
3878180
4338476
3022102
3415836
4994100
7163980
13938852
14595238
14792617
14331807
13212556
12356989
12553855
13277578
524288
1839625
3680031
4139810
3546644
3150857
3808273
4927008
4334869
4466455
2690048
3808527
3084036
7294275
9925225
13344919
13014153
11894898
10644831
10381659
11170403
11696747
11762281
11564902
1903618
2627082
3744534
4664095
5057822
5451551
6437674
7489845
5450003
4857096
4462338
2293760
5119755
7553839
11434856
11630954
9260353
9720390
9983562
10115148
10115146
10180939
10246730
10246730
983040
2099712
4533022
7558726
9663073
9924958
8936262
7948595
8473395
8801332
7550751
5774338
8734510
12418918
14063743
13273459
14192512
13468020
12547432
12613225
13140081
12876909
11101268
9325111
2757387
3020813
4138009
5519145
6373423
6437929
6238236
6236179
7747617
10180670
9060905
10836802
10705730
13798255
11101255
9982007
10901831
11624275
11954010
12020060
12152157
12481892
12679784
12548968
2691594
3349778
4007193
3808784
3017984
2885120
4395776
6104334
9128241
9850421
10704444
10111535
12941404
12941917
13271393
12613211
9782321
10702914
11426894
11756629
12217691
12481890
12416610
1195682
